100 4
1 -0.5628371 -0.61732316 -1.4352319 0.6611088
2 -1.18634 -0.37916616 -1.342188 0.4860745
3 -0.13373971 -0.57401305 -0.55951506 1.5271721
4 0.058795325 -0.73028976 0.44609153 1.6944466
5 1.9791303 0.5342955 0.5248195 0.8113757
6 -0.12900238 -0.548882 -0.16759896 1.7252046
7 1.8272289 0.6555315 0.6413629 0.977292
8 -1.1259965 -1.528301 -0.39422616 0.37866512
9 0.25164893 -2.193928 -0.41559136 -0.18793543
10 -1.5550109 -0.9223852 -1.0616727 0.20267941
11 -1.0846871 1.3510617 0.19976053 1.3578845
12 -0.53498906 0.28563663 -1.7948064 0.5781265
13 0.20242812 -1.5439092 0.80641806 1.2369528
14 1.824002 0.013211822 0.803847 0.9297046
15 0.89262956 -0.5005992 -0.7226106 1.3739262
16 -0.8581076 1.5014592 -0.08432352 1.3875777
17 -1.8987132 -0.37437153 -0.19440252 0.73303056
18 1.130763 0.10441048 -1.0506076 1.0503379
19 0.685873 -2.0491023 -0.66976565 -0.4417463
20 0.61899304 -0.008279872 -1.1193318 1.275618
21 0.055182394 -0.90556276 0.9375697 1.4937227
22 1.834624 0.7715099 0.19305767 1.1603268
23 0.7172464 -2.0664861 -0.33797565 -0.21231918
24 0.53533614 -1.9747753 -0.7670041 -0.50234103
25 0.38977602 -0.37339103 0.9859293 1.6876744
26 -0.6255245 -0.9007376 -0.8245534 1.1459502
27 0.1896622 -2.1712275 -0.16477178 -0.011385061
28 -0.3595979 -0.032116577 0.44500136 1.9188081
29 -1.4905324 -0.9088979 -0.2213021 0.9185876
30 -0.44204286 -1.0243896 0.8669667 1.6679255
31 0.927737 0.24569866 -1.3450983 1.1173532
32 -1.8068887 -0.88778156 -0.44782743 0.49718806
33 -0.32577223 -0.27670866 0.5221276 1.9131234
34 0.42055362 -2.1229475 0.26298556 0.3025528
35 -0.4243755 -0.038075607 -1.6956044 0.75252515
36 0.51776236 -0.5008664 0.49397072 1.769095
37 -1.4089988 -0.7234539 -0.7087359 0.6567192
38 0.6943731 -2.1404974 0.15455921 0.3693707
39 1.5373424 0.041105956 0.76169115 1.3564115
40 -0.50560564 -0.41271192 -1.8961165 0.3538586
41 -0.83381754 0.97323215 0.32204947 1.8384825
42 0.020230275 -0.49735636 0.106796086 1.8974606
43 1.268692 -0.8686222 -1.0522617 0.89654636
44 1.892451 -0.055243358 0.40656975 1.1022952
45 -1.1792476 -1.1622053 -0.65707755 0.8732097
46 -0.9531685 -0.12663825 -1.6718042 0.5600077
47 -0.33919758 -0.22516762 -1.9665971 0.43096882
48 -1.085212 -0.93225044 -0.3790348 1.2199152
49 0.6501601 -0.00076450733 -1.3147061 1.2540207
50 1.638306 -0.30005658 0.9935751 1.1211574
51 -0.96352273 1.1698883 -0.5318634 1.4405842
52 -0.5469239 -0.059652936 -1.7954273 0.7809183
53 -0.15485688 0.08421161 -1.7547532 0.94106305
54 -0.2919571 -0.1320668 -1.5962653 0.97028714
55 -0.9954862 -1.1305715 -0.5092007 1.2565224
56 -1.390788 0.69774616 0.007459968 1.5800592
57 -0.26026738 0.078842364 -1.7782474 0.92330486
58 0.82389253 -0.20764484 -1.2243754 1.3305253
59 -0.52298516 -0.27635542 -1.6360762 0.8298806
60 -0.17594668 0.0641561 -1.8826292 0.81224495
61 0.18327332 -2.2197526 -0.45423514 0.11769898
62 0.50006896 -0.43941712 -0.9369038 1.4614304
63 0.78109205 -0.14239456 -1.3788192 1.1672614
64 -0.63624084 1.2587926 -0.111296855 1.6649199
65 1.9061316 0.025329005 0.5482332 1.2313294
66 -1.2402023 1.0649952 0.020169597 1.4811724
67 -1.8037511 -0.7529616 -0.27978447 0.8005119
68 0.6986573 -2.2225933 -0.5635299 0.24519813
69 -0.8371414 1.1650237 -0.28551912 1.6635934
70 -0.004298827 -0.2272157 -1.7448323 0.8245934
71 -1.5983452 -0.7254036 -0.76208955 0.94723123
72 0.8923537 -0.34350517 -0.9958653 1.6159734
73 0.2828751 -0.6070724 0.4002437 1.8739476
74 -1.3186586 -1.2202723 -0.30321106 1.0332896
75 -1.1893829 -1.1574825 -0.13247326 1.1798065
76 0.9316482 -0.3274106 -1.0043846 1.4972364
77 -0.83761036 1.0033033 0.052905504 1.7626352
78 -0.0074116923 -0.9214261 0.28485823 1.8338573
79 0.36096704 -1.3740327 0.8115108 1.6041552
80 1.7816144 0.044037413 0.82156557 1.4170852
81 -1.5394052 -1.0327588 -0.31901118 1.110697
82 0.1338034 -0.5202685 0.22086753 2.1163926
83 -0.39861393 -0.21688285 -1.8062187 0.7804582
84 1.0433798 -0.29051852 -1.3228835 1.2985709
85 -1.102853 0.93105114 -0.41978505 1.6536157
86 1.1045635 -0.24005415 -1.4002113 1.2668473
87 -0.8119219 0.9661936 -0.26007062 1.8862305
88 0.23194315 -2.229143 -0.5423512 0.18093605
89 0.031095989 -0.7498492 0.5813738 1.9171218
90 -0.4677124 0.13810632 -1.637201 1.2170827
91 -1.4235126 -0.7945912 -0.73297113 1.213471
92 -0.15923826 -0.30989546 -1.6174918 1.3351223
93 1.1659487 -0.2729206 -1.1685693 1.526921
94 -1.4388162 -1.3000422 -0.7399558 1.0016243
95 -0.62470317 0.3182238 -1.7763538 1.1388234
96 0.10338331 -0.9797251 0.16938576 2.2186146
97 0.8877425 -0.30398783 -1.1023155 1.7365812
98 0.7309266 0.14793853 -0.9753238 1.8550724
99 -0.34719837 -0.3833842 -1.7113063 1.273382
100 -0.5204728 -0.78866 -1.5481219 1.1906991
