100 2
1 1.6156052 0.48974746
2 1.6001843 0.15904842
3 1.2952422 0.93333185
4 0.8767885 1.3900119
5 -0.9364375 1.8417568
6 1.1669312 0.99588007
7 -0.91187406 1.8357191
8 1.2292097 0.98896027
9 -0.2457276 1.8694136
10 1.5893855 0.166481
11 1.6890717 -1.4163011
12 1.6036018 0.24035951
13 0.4825446 1.602139
14 -1.0702107 1.9483517
15 0.98375434 1.3160536
16 1.6245551 -1.2459353
17 1.8198029 -0.36446133
18 0.99536663 1.3086827
19 -0.32113472 2.0147753
20 1.1821967 1.1444163
21 0.7637866 1.4553655
22 -0.5916623 2.020412
23 -0.22335614 1.8997544
24 -0.17491427 1.8579113
25 0.3558785 1.6328633
26 1.5159197 0.54149747
27 -0.15152293 1.8965855
28 1.3390615 0.82723373
29 1.6845404 0.19241199
30 1.0791715 1.2086043
31 1.1324272 1.1919234
32 1.7515944 0.22998601
33 1.4287003 0.7986058
34 0.07422903 1.746665
35 1.6012679 0.44530982
36 0.7168535 1.6273012
37 1.7292562 0.19803959
38 -0.07316554 1.9826388
39 -0.6463941 2.0811045
40 1.664388 0.6101032
41 1.7877178 -1.091449
42 1.1045631 1.3463151
43 0.9538983 1.4737386
44 -0.6680748 2.0287147
45 1.6110276 0.44980285
46 1.6588074 0.35674846
47 1.5928615 0.5437815
48 1.5992494 0.5447102
49 1.1027772 1.2864643
50 -0.5839142 2.0050156
51 1.7793934 -0.8075711
52 1.5891044 0.48005697
53 1.6309189 0.6361832
54 1.6184583 0.59712535
55 1.6253792 0.46301576
56 1.8865664 -1.1455855
57 1.577351 0.59635884
58 1.1335703 1.297881
59 1.6095679 0.4856029
60 1.5828569 0.68120825
61 0.30028498 1.9113917
62 1.2081456 1.3163292
63 1.403135 1.0252433
64 1.8947806 -0.9492787
65 -0.5607447 2.04515
66 1.8818681 -1.1038512
67 1.8724592 0.019196227
68 -0.1656362 2.1086407
69 1.7985591 -0.8463447
70 1.5217748 0.76799196
71 1.8382427 0.20619534
72 1.0796038 1.4062594
73 0.9434371 1.6271013
74 1.6760049 0.6383368
75 1.6691493 0.59469604
76 1.0761741 1.4736251
77 1.8413253 -0.8677363
78 1.1097492 1.441722
79 0.70008016 1.7701892
80 -0.67174983 2.092334
81 1.812072 0.3381032
82 1.1322861 1.376658
83 1.7777168 0.6162204
84 1.2443846 1.4115549
85 2.0052865 -0.90860856
86 1.2133752 1.4635589
87 1.9831955 -0.7038672
88 0.14065938 2.228987
89 1.280654 1.4748213
90 1.8216976 0.58598447
91 1.9656055 0.4486456
92 1.7448689 0.7822458
93 1.0832603 1.6634402
94 1.8573906 0.58793616
95 1.9735847 0.45319557
96 1.1786853 1.6642448
97 1.290802 1.620845
98 1.5427548 1.3381356
99 1.9490074 0.8065388
100 1.8401299 0.9923921
