100 8
1 -0.993665 2.068474 2.622560 0.178440 -0.169544 2.544394 1.890765 1.787960 
92 1.984333 0.524394 0.740675 0.633560 0.223528 -0.144083 1.925708 -1.722354 
94 -0.067995 2.018338 1.815202 2.927025 -0.303668 0.605124 -2.197397 -0.482556 
99 0.951205 0.879951 2.893228 2.138616 -1.596481 -0.887180 0.915823 -1.477980 
100 0.685784 0.099431 1.744152 0.942117 -0.559440 -0.512476 0.774677 -1.202002 
2 -1.022828 2.207744 4.570065 -1.407162 -0.232678 2.690398 0.241067 -0.654312 
46 -0.634098 0.375730 4.144726 0.681742 2.650766 2.467477 1.081194 -2.396293 
71 0.125460 1.462117 2.801067 3.175618 1.782411 0.890652 -3.498734 -0.773831 
95 0.573163 -0.177203 2.559100 0.769628 -0.512731 -0.508051 0.973672 -1.361298 
3 1.466328 2.372550 -0.151127 0.208651 0.644000 2.107943 0.340675 -3.545726 
59 2.415764 2.247304 2.765116 0.720484 -0.957849 -0.230078 1.265715 -3.426350 
78 3.157749 -2.411219 -3.872731 1.000046 0.712313 2.061383 -0.379285 -2.387484 
96 1.760736 -0.883821 -1.079654 -1.151526 -2.796681 0.705972 -3.162940 -1.079028 
4 2.450810 1.435184 -0.598709 -2.662735 -1.362812 1.809109 -0.067792 -1.470513 
42 2.014288 -3.116732 -1.085031 -1.747720 -1.344842 1.693297 2.097049 -2.109863 
82 0.294604 -2.704337 0.204116 -3.413381 -2.912827 2.207642 1.494717 -1.064870 
5 0.452098 1.021369 -0.648005 2.030922 -3.445774 1.762994 -0.640834 2.085488 
22 2.896518 2.785743 -2.578818 0.510792 -0.084322 3.016335 2.973395 1.769452 
44 -0.789519 0.892850 -1.459540 0.327577 -1.561061 4.486782 1.412823 3.355913 
65 0.100981 1.091700 -1.709189 -1.802981 -2.059134 4.300718 1.559164 2.208129 
80 0.042414 2.309064 -0.491047 -0.616761 -2.874238 3.062035 -1.486751 3.378677 
6 1.199989 2.036904 0.634997 -2.689650 -1.865952 2.554355 0.181592 -2.887179 
33 1.395052 -2.112428 -0.587482 -0.989234 0.602601 2.378976 -2.098831 -4.659317 
7 -0.189640 0.474343 -0.419700 1.316761 -4.397713 2.410392 -0.325291 0.986840 
39 1.849814 1.379943 -2.122876 -0.953739 -3.345088 2.343690 -0.557033 2.645461 
8 0.839353 -0.986712 2.586101 2.086524 4.044005 0.612130 -1.308508 2.126505 
67 -1.123810 0.547334 2.702529 2.300325 -0.380112 1.435839 -4.561934 0.621413 
88 -2.350685 0.374667 -0.473118 2.814308 0.796623 4.804874 0.994799 0.455663 
91 0.866098 0.678562 1.307299 3.409450 3.091779 0.923260 -2.414823 0.040774 
9 -0.146732 -1.324252 -1.114837 3.789116 2.116473 2.925851 -1.545783 0.447278 
27 -1.004528 -1.464779 -0.244904 3.683875 0.566929 3.379521 -0.520770 -2.126337 
61 -1.702589 -0.928129 0.768120 2.066474 3.717247 4.333759 0.363291 -0.353340 
68 -1.902504 -3.562782 -0.083228 2.889977 -1.149622 3.470558 0.776464 0.531343 
10 -1.061015 2.075574 3.694379 2.647057 0.335383 1.651433 -0.043841 1.617473 
32 1.572727 2.766810 2.891791 1.426329 2.707390 0.868076 -2.117888 -1.081578 
40 3.295568 2.397685 1.836282 1.719875 0.176627 -0.243081 2.802226 -1.998666 
11 -0.737159 -3.465885 2.077423 0.719905 -0.409367 1.244881 -3.156415 -0.399212 
41 1.102584 -1.255867 2.488465 -3.494682 -0.898562 0.886761 -3.105473 0.897581 
56 1.048059 -1.816932 2.993950 -2.184902 2.128006 0.833930 -3.481048 0.703926 
64 -0.015453 -4.865409 1.204995 -2.381727 2.451554 2.390852 -1.228391 0.347670 
85 0.202009 -1.967214 4.883556 -2.174575 1.082144 0.461704 -0.682031 1.256674 
12 1.669858 0.198330 3.486589 -1.048937 1.313148 0.941445 2.550150 -1.927674 
83 -1.506033 -0.305893 3.773468 3.689450 -1.254910 1.391395 2.458402 -0.138553 
90 0.747094 -0.155233 2.164855 -0.790549 -0.594076 0.008120 1.159988 -1.776402 
13 -0.061238 0.009923 -2.187690 0.437151 0.519304 3.988215 -1.184975 -2.681400 
34 0.085054 -3.041589 -1.604957 3.184587 1.005459 2.579712 -3.363157 0.527169 
79 0.805843 -0.698167 -2.518665 -0.823343 -0.547564 2.291142 -2.058233 -0.756422 
89 2.294400 -1.796168 -1.586788 -3.950898 -1.451179 1.888672 -3.271951 -0.550746 
14 0.924138 1.391133 -2.544040 1.344987 -2.207882 3.053473 -0.889389 1.774610 
50 0.002859 1.058182 -2.202559 0.582752 -2.808149 3.357628 -2.108868 0.665797 
15 3.065032 -0.151589 -0.570904 -1.218638 1.470272 1.381580 3.108851 -0.164802 
86 3.017769 -2.670941 -0.587628 -0.267397 -2.393069 -0.077584 3.483540 2.085058 
93 2.124818 -2.286889 -0.231736 -0.142931 -2.734526 -0.182678 1.672679 3.573539 
97 3.184138 -0.348519 -1.373876 0.486191 -1.507844 -0.437586 1.465389 2.458972 
16 1.166804 -2.409919 3.349674 -1.278574 0.618006 0.273415 -2.148264 -2.079709 
69 -0.529512 -3.502707 2.147557 -2.325076 2.005854 2.186312 -0.604891 0.033487 
77 -0.595658 -4.903427 1.961801 -2.130861 0.140349 1.828391 -1.055182 -0.211620 
87 -1.232067 -2.952489 3.283686 -0.734496 -1.141202 1.032171 -1.184724 -0.914860 
17 0.084671 1.437715 2.239150 -1.340588 1.447224 1.981820 -3.253919 0.566931 
66 0.517597 -2.434746 2.434916 -1.059939 0.585358 0.974763 -3.839821 -2.020607 
81 0.249817 3.311506 0.278147 -0.068956 1.812108 3.212222 -1.894070 -2.425096 
18 3.527083 0.035498 -0.247400 -0.492418 0.727713 0.216484 2.240783 2.094498 
84 3.225394 -3.401108 -0.515182 0.398228 -0.413346 -0.083576 3.548782 1.721018 
98 1.858251 -1.571641 -0.273236 0.414437 -0.983378 -0.560822 1.155220 2.056956 
19 -0.280418 -2.932376 -0.665920 1.612752 2.202853 3.450101 1.870960 0.339054 
23 -0.258426 -3.212750 -0.892125 2.515935 1.282591 2.585299 -0.661030 2.091392 
24 -0.148765 -1.870822 -0.527546 4.314528 1.002749 2.484526 -0.092051 1.690232 
20 2.107916 -1.440651 2.109872 -0.432626 3.202696 0.279887 1.194038 2.565586 
57 -0.084100 1.058439 2.817934 1.980259 -0.298766 1.071262 2.912670 1.133943 
76 2.873224 -0.777125 -1.453706 0.301135 -0.526251 -0.179041 0.020409 3.562235 
21 0.828917 1.059284 -2.102101 -0.874626 -0.965969 3.398586 -1.957551 -2.453600 
38 0.850659 -1.922892 -3.293280 2.386395 1.885706 3.665443 -0.336573 -1.570503 
25 0.522323 -0.828503 -2.647276 -0.473858 -2.178244 3.863835 1.118691 -2.264338 
73 2.304595 -0.083513 -2.065698 -3.436952 -1.455293 2.116320 -1.408557 0.742265 
26 1.835886 3.036134 1.799454 -2.742676 1.075252 1.626156 -0.308982 2.473486 
45 1.723624 3.199642 1.010880 1.358160 1.930611 1.040765 -0.551773 -1.438801 
28 1.042054 -0.484800 0.934319 -3.391630 -2.044870 1.997750 0.048325 -2.951518 
29 2.192463 1.143850 1.066765 1.169031 3.370146 0.809439 -1.922920 2.525436 
48 2.520605 0.062551 0.448613 1.467055 1.712977 -0.346003 -2.672549 1.577404 
55 0.993610 1.645862 -0.361338 -0.656853 2.903704 2.634762 -2.770607 2.653551 
75 3.194298 2.766065 -0.148910 -0.373342 0.278350 0.624606 -2.939004 2.130435 
30 0.751129 1.665798 -1.531271 -0.505169 -1.391488 3.079486 -3.977636 -1.956601 
74 2.650994 2.732153 1.116708 -1.923529 2.176309 1.106110 -2.327117 1.375230 
31 2.824247 -2.724130 0.669270 -0.016847 2.370800 0.785432 3.838237 0.895202 
53 2.160435 1.337978 2.866340 -1.575968 -1.232559 0.396523 3.104587 -0.561924 
35 0.395284 -0.486580 1.924763 -1.029271 -1.154523 1.919223 3.853023 -0.994088 
54 2.230137 0.980221 3.244048 -0.059072 -3.217918 -0.425999 2.260621 -2.565017 
36 0.574406 -1.249805 -1.823991 -2.452248 -3.182651 3.517895 1.206566 -1.505086 
37 2.121485 1.540593 3.382699 -1.722829 2.929070 0.648374 -1.308632 0.763725 
70 1.632691 2.392287 2.564651 0.677482 -0.558118 0.822726 3.674618 1.977230 
43 1.746292 -0.278968 -0.266726 0.531907 1.740219 1.266186 2.388238 2.075161 
47 1.649813 0.891598 0.411040 2.381572 0.464668 1.722944 2.803967 -3.488170 
52 1.338017 2.876214 4.461825 -0.914393 -0.528430 0.874469 2.179505 1.777995 
62 3.960334 0.469683 -0.904152 -1.262283 0.520690 -0.128439 0.086735 2.868797 
49 3.148397 -2.691444 0.626004 -0.616092 1.431614 -0.245205 2.632641 0.654331 
51 0.395248 -1.850724 4.400582 -1.143299 0.319060 -0.070439 -0.599762 -0.683359 
60 0.345780 -0.063195 1.567338 2.331543 0.914227 1.910624 3.831445 -0.644405 
58 1.194397 0.030821 -1.576312 0.319587 0.636852 2.839767 3.682544 1.234704 
63 4.096159 0.725818 2.050434 -2.185923 0.626459 -0.442252 1.459775 2.385353 
72 4.430271 1.974756 -0.964136 -1.257145 0.132825 0.161261 0.644084 3.343184 
