100 2
1 2.244071 3.775498 
92 2.099485 3.567460 
94 0.632735 0.652500 
99 2.671298 4.533460 
100 1.348796 2.289048 
2 1.911753 3.205565 
46 2.280175 3.874808 
71 0.699932 0.681020 
95 1.316308 2.219327 
3 0.694057 1.155500 
59 3.011217 5.072471 
78 0.353893 -0.399276 
96 0.348763 -0.648374 
4 0.484766 -0.494516 
42 0.396702 -0.142418 
82 0.364127 -0.299102 
5 0.339158 -3.288920 
22 0.191015 -1.783723 
44 0.236924 -2.375733 
65 0.267084 -2.589741 
80 0.361664 -3.586872 
6 0.423688 -0.061105 
33 0.329878 -1.612223 
7 0.347773 -3.369587 
39 0.361939 -3.419050 
8 0.424122 -0.202003 
67 0.412440 -0.074391 
88 0.166925 -1.631274 
91 0.649738 0.521318 
9 0.456089 -4.454982 
27 0.431090 -4.194404 
61 0.233406 -2.351633 
68 0.350732 -3.353155 
10 0.984002 1.385664 
32 0.683972 0.591121 
40 2.743714 4.629214 
11 0.630566 -6.213279 
41 0.568120 -5.579546 
56 0.384260 -3.827373 
64 0.468590 -4.531343 
85 0.174230 -1.688433 
12 3.048857 5.178808 
83 2.533026 4.313071 
90 1.212863 2.051021 
13 0.314533 -2.566515 
34 0.428829 -4.222936 
79 0.317997 -1.957076 
89 0.352988 -1.761817 
14 0.369356 -3.642478 
50 0.391509 -3.800894 
15 0.589601 0.272829 
86 0.671290 0.589508 
93 0.609506 0.397084 
97 0.593507 0.337619 
16 0.628429 -6.271835 
69 0.496303 -4.807913 
77 0.692994 -6.824927 
87 0.222797 -2.209551 
17 0.286216 -0.389991 
66 0.493406 -4.749702 
81 0.648247 0.475928 
18 0.634902 0.436916 
84 0.672717 0.580656 
98 0.427854 -0.069943 
19 0.455597 -4.588532 
23 0.479008 -4.726791 
24 0.481458 -4.596656 
20 0.755841 0.972179 
57 2.585069 4.375100 
76 0.511356 0.106602 
21 0.364569 -1.544515 
38 0.452802 -4.422636 
25 0.346484 -1.853131 
73 0.378390 -1.053046 
26 0.708691 0.621734 
45 0.868777 1.171232 
28 0.324649 -1.603290 
29 0.653193 0.496252 
48 0.636434 0.461760 
55 0.626032 0.427471 
75 0.624963 0.432445 
30 0.316772 -1.064520 
74 0.619506 0.414390 
31 0.827668 1.067669 
53 2.607857 4.380189 
35 3.260312 5.507246 
54 1.872665 3.156187 
36 0.359621 -1.586642 
37 0.815905 1.107969 
70 1.951636 3.358048 
43 0.350678 -0.316353 
47 3.209518 5.452321 
52 2.304783 3.898989 
62 0.624289 0.397697 
49 0.691148 0.592019 
51 0.170697 -1.452326 
60 2.874207 4.871227 
58 0.773092 0.972497 
63 0.904484 1.317861 
72 0.599363 0.338542 
