100 8
1 2.0015047 0.3148938 -0.22450149 0.5333825 0.06753891 0.16041657 0.12140041 0.30605853
2 1.3014969 -0.09509736 -0.030783754 1.4726431 -0.07963179 0.283757 0.87962013 -0.096889995
3 0.87006235 1.589242 0.5062861 0.95790136 -0.6074501 -0.114668354 0.08398973 -0.013354331
4 0.42359635 1.753198 1.022915 -0.060083296 0.4389343 -0.6540864 -0.5955261 -0.3091035
5 -0.088315904 1.1071751 -1.2813414 -0.2744673 -0.14268342 -1.1326499 1.0678024 -0.12293752
6 0.6568251 0.827064 1.3450137 0.54290444 -0.58359474 -0.49685097 0.94979405 -0.031516206
7 0.22197814 0.97310346 -0.74999547 -0.6099132 -0.67146355 -0.983151 1.3402969 0.3581494
8 0.7060019 -0.39883298 0.8090531 0.48833084 1.5566485 0.8367769 0.20844251 0.6049114
9 0.8207002 -0.20891967 0.93234 -1.0631444 0.76771605 0.46247998 0.463209 1.2787961
10 1.7336706 -0.136389 -0.08775379 0.2844349 1.2971015 0.30114177 -0.5677991 -0.27125472
11 -0.89912075 -0.5162343 0.8470991 1.3671955 0.9591344 -0.6803844 0.86366314 -0.26139098
12 1.1485095 0.028221998 -0.41029188 1.5550936 -0.3702367 -0.8463577 -0.16724773 -0.51378137
13 0.28484324 1.0523336 1.4793173 -0.6036042 0.5839531 -0.15184218 0.89268565 0.39843193
14 0.47592953 1.490638 -1.1270434 -0.94204867 0.0005478869 -0.51200414 0.68830913 0.32354754
15 -0.30421627 1.1527778 0.44173357 0.75292987 -0.03206761 -1.1018327 0.043134164 1.0889789
16 0.11105211 -0.77788234 0.81823546 0.3946052 1.104694 -1.3304403 0.20129538 -0.6527575
17 1.0539842 -0.059177298 -0.12140252 0.5257616 1.0091709 0.13534115 1.4160765 -0.8191673
18 -0.13097142 0.4045419 0.03417989 0.2168825 0.71637535 -1.5925112 -0.42201066 1.3110281
19 0.37327337 -0.041813243 0.8051033 -0.07938312 0.13481815 0.9932158 0.65714246 1.8667231
20 1.0550827 0.040388994 -0.5595285 -0.13394363 0.8170189 -1.5191712 -0.18362898 0.6444233
21 -0.3121112 1.7595534 1.1556463 0.11935269 0.51471543 -0.13011883 0.4111376 0.12152167
22 -0.2104373 0.92437106 -1.1058388 0.00960026 -0.5878329 -1.1016489 1.3004518 0.45194477
23 0.2980694 0.28285366 0.84056485 -0.23874162 0.20520014 0.84565914 0.6540611 1.8149717
24 0.5614915 -0.5379775 0.5402141 -0.24367268 0.11336844 0.6675135 1.2437007 1.558955
25 0.23015296 1.5875616 0.35667104 0.0059641115 -0.044267185 -0.8999349 0.8973034 -0.4882085
26 0.38387877 0.4650258 -0.5839797 1.2468344 0.9836508 0.5349195 0.6739822 0.7376587
27 1.0995189 -0.14926969 1.0105445 -1.0528044 0.70575136 0.5410479 0.5435248 1.038844
28 0.36091906 0.90524894 1.297307 -0.21432146 0.63522965 -1.2394296 0.27865192 -0.78970534
29 0.7096194 0.71078724 -0.27010533 0.924042 1.5878999 0.5759738 -0.11505772 -0.092843905
30 -0.033246666 1.5350933 0.74110866 0.6928477 0.41959912 0.2968229 1.1585479 -0.22258502
31 0.18880568 0.13086842 -0.08155156 0.6452797 0.06339717 -1.3156834 0.5221607 1.332107
32 1.411036 0.124547176 -0.07367389 0.3823943 1.3331238 0.59605604 0.4093512 -0.6931864
33 -0.013129853 0.9318208 1.3289423 0.6470772 0.013134788 -0.1208214 1.4419241 -0.36673814
34 0.81927115 0.3558155 1.2426401 -0.83987063 0.6739592 0.5176848 0.8652876 0.99591655
35 1.5190125 0.021321945 0.8729489 0.8352085 -0.31349903 -0.5228722 -0.13565853 0.21070948
36 0.7116707 1.2982128 0.81120497 -0.4365183 -0.0332319 -1.0509005 0.66647464 -0.2915395
37 1.0620434 -0.36111465 -0.44905093 1.0600023 1.1957109 0.29009727 0.7614293 0.14928791
38 0.4797029 0.81470764 1.0750147 -0.58753747 0.36015582 0.6750258 0.67237073 1.4278945
39 0.50455415 1.1701093 -0.48307386 -0.8688644 -0.2537678 -1.2029357 1.210456 0.037971895
40 2.0479794 -0.07699268 0.057759248 0.29003513 0.49847198 -0.47677794 -0.43117875 0.32955822
41 -0.4142327 -0.09768759 0.9285418 1.0859516 0.63798445 -0.7064679 1.3154675 -0.6208032
42 0.9547281 1.2396392 1.2431461 -0.061146904 0.27210715 -0.87945426 -0.21327673 -0.42327556
43 0.020072578 0.09463001 0.004196338 0.22910903 0.7487404 -0.87306374 0.5096009 1.8060662
44 0.31565037 1.2380711 -0.99253494 -0.91088295 0.40364116 -1.0806613 0.7181325 0.10057154
45 0.79637516 0.7641369 -0.29853246 1.2945789 0.7509128 0.81654847 0.5596272 0.32145542
46 1.2030028 -0.22949922 0.06487232 1.580705 -0.22285978 0.11242122 0.76659 0.45017445
47 1.0618618 0.27468497 0.8148262 1.3832762 -0.11802603 -0.15412097 -0.6087461 0.6970095
48 0.32556176 0.75732124 -0.43655747 0.88235813 1.7203786 0.35077685 0.011341233 0.3377187
49 -0.059781834 0.56619585 -0.27280697 1.2491639 0.41409382 -1.0826708 0.3195999 1.0700699
50 0.3071107 1.5272281 -0.6431941 -0.88375115 0.24123266 -0.54627764 1.2638664 0.21618617
51 0.08541348 -0.6931073 0.9322048 1.0107343 0.63036054 -1.2183374 0.58995634 -0.578204
52 0.9815178 -0.06966052 1.0146978 1.5782553 0.41144994 -0.11417304 -0.7474742 0.42765066
53 1.3535529 -0.30175412 0.3642033 0.93108785 -0.4268987 -0.90375227 0.53353345 0.7730677
54 1.4196895 0.31700954 1.1057574 0.60765314 -0.12724142 -0.7068708 -0.43901962 0.38719836
55 0.71032494 0.6549776 -0.50721675 0.5829153 1.8285351 0.1460386 0.26480237 0.071366295
56 0.008603647 -0.5106149 0.67065334 0.7405085 1.4314876 -0.8119864 0.9260798 -0.50313073
57 1.8294035 -0.36979273 -0.035740707 0.33594802 0.088508666 -1.0528371 0.06886397 0.37096506
58 0.5170934 0.7889103 -0.43345225 0.7811033 0.6315452 -1.3416182 -0.35056317 0.89364856
59 1.135927 0.5336843 0.4495903 1.567724 -0.681663 -0.15065807 0.22421874 0.3462146
60 1.1071749 -0.12654956 0.78816587 1.248209 -0.10649251 -0.875303 -0.54967934 0.5725536
61 0.9751689 -0.09599961 0.623971 -0.5132424 0.7122978 0.72056025 1.0054697 1.1969794
62 -0.0472972 0.67123604 -0.6425245 0.78253865 1.1036388 -0.8765192 0.08691663 1.0277381
63 0.45842737 0.41520038 -0.2094243 1.0726895 0.3972704 -1.3123161 -0.3445349 1.0098926
64 -0.29417798 -0.52426916 0.7559862 0.94344413 1.0550466 -1.1257241 0.9108549 -0.038127664
65 0.4068801 1.3163102 -1.062522 -0.5186223 0.03538563 -1.0034131 1.1233145 0.44138992
66 0.23539369 -0.49654278 0.5445083 0.73025846 1.0388846 -0.73836523 1.459471 -0.731198
67 0.7801331 -0.18436457 0.3957 0.70266217 1.8493032 0.18612464 0.5185312 -0.10546506
68 0.46864355 -0.10275527 0.66406524 -0.28766495 0.5360497 0.34469634 1.007849 1.9341526
69 0.036688395 -0.39430466 0.6689872 0.4087351 1.2201587 -1.4576902 0.8356535 -0.41958582
70 1.4044207 0.11199102 0.35800794 0.8964138 0.2854243 -0.68871117 -0.4145028 0.99024284
71 1.2850302 0.08198898 -0.4574221 0.83932513 0.98607755 0.63403326 1.2430849 -0.41943932
72 0.16721493 1.0565957 -0.2527561 0.49511036 0.7687835 -1.202555 -0.20339736 1.0907435
73 0.37121484 1.6088889 0.87280124 -0.17703713 0.407604 -1.0011683 0.2975237 0.004902535
74 0.60201895 1.0517479 0.065252274 1.0329415 1.198964 0.6496111 0.5693144 -0.11521233
75 0.512945 1.1521472 -0.08952375 1.1645669 1.5941162 0.59389293 0.062325325 -0.107115276
76 0.63452345 0.84672815 -0.83320546 0.28702465 1.146839 -1.2292455 0.17549866 0.47818118
77 0.110163786 -0.3704235 1.005805 0.50218296 1.0887599 -1.2139502 0.80461156 -0.80746573
78 0.3435787 1.9285582 0.7700601 0.6242784 0.6492444 -0.16825761 0.30286315 0.16778341
79 0.20155378 1.6821399 0.86526495 -0.2789901 0.48308733 -0.13604201 1.1043545 0.3951598
80 0.21588059 1.4851716 -0.6956154 -0.51315254 -0.10730421 -0.9386128 1.2017651 0.2777058
81 1.337272 0.6957627 0.1876109 0.76100916 1.1457689 0.5511247 0.7124264 -0.27216744
82 0.65710855 1.2508208 1.1649873 0.11158465 0.26440448 -1.2627397 0.35633233 0.12209072
83 1.5113937 -0.14844182 -0.14499114 1.3367705 0.06922553 -0.7880347 0.28532112 0.31309983
84 0.36221468 0.44860995 -0.087692305 0.6285233 0.62620646 -1.2814313 0.007746121 1.4735184
85 0.21398179 -0.58267087 0.7776854 1.1299063 1.2001439 -0.924888 0.8142622 -0.45846218
86 0.08640432 0.5004428 0.04152936 0.80747765 0.4469822 -1.2727683 0.042675145 1.6062233
87 0.2454726 -0.3724895 0.91040015 0.86139816 0.921435 -1.1294615 1.1582042 -0.5412921
88 0.98180836 -0.06768887 1.1880107 -0.21032917 0.78331494 0.6575657 0.79559004 1.5133916
89 0.3271459 1.2268759 1.2958848 0.053293593 0.38436094 -0.76729065 1.2706021 -0.11079813
90 1.4152173 0.09737845 0.44923022 1.3105475 -0.09287093 -0.9715376 0.5643457 0.17718743
91 0.8988047 0.18199559 0.23707004 1.1226254 1.749228 0.31700498 0.11299314 0.13851182
92 1.6885731 0.3117374 0.57278365 0.81833047 0.055921767 -0.90810966 0.09144341 0.4445563
93 0.44965357 0.8264234 -0.38048154 0.6020978 0.6074527 -1.3745159 0.44115746 1.1945362
94 1.5107927 0.29269356 -0.044415385 0.8271322 1.3694894 0.6048226 0.8877877 0.35681364
95 1.4008423 -0.24749179 0.49257526 1.5285145 0.22202472 -0.7755138 0.27832618 0.14269072
96 0.6613549 1.6558025 1.1719797 0.22268184 0.42690495 -0.6022352 0.8495585 0.01062566
97 0.43468386 0.9331062 -0.32867467 0.7501002 0.8136674 -1.2549387 0.48541656 1.1277615
98 0.3103345 0.48107097 0.040635187 0.5745473 0.98204374 -1.5674334 0.5581359 1.0408494
99 1.6781965 0.52174646 0.42349315 1.3093266 0.17957817 -0.7237697 -0.071755715 0.5234037
100 1.801459 0.26569492 0.7187366 1.0562532 0.10203782 -0.49709037 0.3916482 0.64736825
