100 4
1 0.962478 2.801279 2.444690 2.547024 
92 0.091048 -0.213885 0.549028 2.056298 
94 0.390519 0.907993 1.949893 -0.707033 
99 -0.010280 0.387544 1.247536 1.967676 
100 -0.167461 -0.127125 1.293898 1.533195 
2 -0.160970 1.410584 4.887772 1.435108 
46 0.026610 1.806288 4.879441 2.554582 
71 0.724872 1.503602 4.217687 -1.993902 
95 -0.926220 -1.084603 3.375504 2.690701 
3 0.282625 0.173698 0.426251 0.015762 
59 0.335080 1.612680 2.360366 2.412047 
78 1.418291 -0.471955 -0.739864 -1.643381 
96 1.457032 -1.189493 -0.690923 -1.886900 
4 3.614632 -1.317896 -1.789251 -3.482589 
42 0.943062 -1.683564 -0.961327 -0.414189 
82 1.008589 -0.933187 -0.872861 -0.640827 
5 5.202321 1.729670 -3.715306 -0.316612 
22 4.168920 3.874052 -1.771942 0.947022 
44 4.826855 3.786934 -1.975204 -0.314951 
65 4.579640 3.556464 -2.049635 -0.188899 
80 4.936088 2.511573 -2.682643 -1.339974 
6 0.640198 -0.610899 0.116468 -1.060764 
33 1.975860 -1.895928 1.621281 -4.810655 
7 5.202044 1.667572 -3.641979 -0.616976 
39 4.777474 1.798319 -2.713369 -1.902903 
8 -0.085853 0.037523 1.511044 -0.165661 
67 0.644898 0.817466 4.261262 -2.467222 
88 0.002144 -2.659908 0.461383 0.808154 
91 0.383777 0.826709 1.800697 -0.831755 
9 -0.266175 -5.366903 1.975612 2.284500 
27 0.271464 -5.909228 1.232710 0.576808 
61 -0.154025 -1.948589 0.655724 0.615887 
68 1.069311 -5.333767 -1.243465 2.197628 
10 1.370825 3.737535 3.338262 0.893627 
32 0.604932 1.713534 5.851421 -1.354514 
40 -0.574379 -0.416254 2.782320 2.501527 
11 0.133222 -2.525516 3.861753 -2.647298 
41 0.815823 -2.345400 3.840456 -4.203210 
56 -0.021197 -1.200183 4.712970 -2.375204 
64 -0.153545 -1.633083 2.189631 -1.124869 
85 -0.419359 -1.162457 3.203476 -0.704957 
12 0.293049 1.553340 3.447660 4.154748 
83 -0.131022 0.274209 1.614978 1.894589 
90 -0.346187 -0.384896 1.783054 1.670568 
13 1.664469 -3.914002 -0.409962 -2.506624 
34 0.686545 -5.915380 0.604462 -0.479993 
79 1.576456 -1.060112 -0.837118 -1.971141 
89 1.626263 -1.542792 0.089403 -3.081262 
14 4.921379 2.232396 -2.877862 -1.095810 
50 4.038327 0.822585 -2.723479 -1.538854 
15 1.605132 0.186981 -1.700758 1.287003 
86 2.298251 -2.204266 -3.447780 4.619382 
93 1.971782 -0.789317 -2.630228 2.316122 
97 1.514660 -0.267962 -1.909272 1.627437 
16 -0.235984 -3.808460 4.304054 -1.707373 
69 -0.219340 -1.777424 2.420788 -0.870383 
77 -0.033989 -3.124139 3.045009 -2.007776 
87 -0.143805 -1.589917 2.214010 -1.103622 
17 0.454308 0.599426 4.781778 -2.421642 
66 0.411206 -1.706607 4.595444 -3.440948 
81 0.786600 1.174154 1.855307 -1.309254 
18 2.668684 0.239976 -2.626770 4.005418 
84 2.042696 -1.462466 -2.968603 3.989605 
98 0.860191 -0.425223 -1.148838 1.122810 
19 0.246451 -5.068691 0.495527 2.941113 
23 0.756349 -5.224911 -0.319486 1.747117 
24 -0.097516 -5.302265 1.371408 2.896726 
20 0.830601 -0.146754 -0.879124 2.130049 
57 1.321703 2.847925 1.603121 4.043275 
76 1.956661 1.215656 -1.418838 0.979209 
21 3.407728 -1.585747 -0.911606 -4.267066 
38 0.723428 -3.726385 -0.653059 0.579577 
25 2.608889 -0.542585 -1.886651 -1.894497 
73 3.642469 -0.903658 -2.275483 -2.734985 
26 1.785272 3.029774 0.692455 0.773539 
45 1.668384 2.989944 1.522930 -0.290630 
28 1.270489 -2.645179 0.636031 -2.986956 
29 2.934530 4.386841 2.328673 -1.086935 
48 1.957773 2.623705 0.619979 -0.695743 
55 1.266056 2.392669 1.227162 -0.243895 
75 2.928300 3.382416 1.517240 -2.013737 
30 2.506691 -0.494896 0.830173 -4.562132 
74 1.858304 2.443521 2.126585 -1.990294 
31 1.551375 -0.483207 -1.658836 4.384371 
53 0.728271 1.178947 1.299315 4.643867 
35 0.340235 0.903509 2.406816 4.757100 
54 0.131106 0.239688 0.717771 1.418885 
36 2.975948 -0.874270 -2.106953 -2.169340 
37 0.406961 1.995894 4.209314 0.382316 
70 1.500192 2.886696 1.115210 4.579879 
43 1.511176 -1.186431 -2.292035 3.613871 
47 -0.447799 -0.698275 2.780226 3.806566 
52 1.009607 2.711948 2.003004 2.763392 
62 2.070315 1.940498 -0.968646 1.514211 
49 1.530654 0.888900 -1.051054 2.370423 
51 -0.685233 -1.904827 3.657483 0.069183 
60 0.151570 -0.384455 1.506913 4.384839 
58 1.338806 0.108282 -1.397595 2.222589 
63 1.223320 1.123981 -0.319921 3.175259 
72 2.115816 1.176011 -1.630376 1.570285 
